# 3 X 3
board = [
    [9,0,0],
    [0,4,1],
    [7,0,5]
]

numbers_in_used = [5,1,0,0,1,1,0,1,0,1]


# 4 X 4
board = [
    [1,0,4,0],
    [2,13,0,7],
    [0,0,8,0],
    [16,15,0,10]
]

numbers_in_used = [9,1,1,0,1,0,0,1,1,0,1,0,0,1,0,1,1]


# 5 X 5
board = [
    [13,0,15,0,0],
    [0,25,1,2,18],
    [0,24,0,21,0],
    [10,0,22,4,20],
    [9,0,0,6,0]
]

numbers_in_used = [14,1,1,0,1,0,1,0,0,1,1,0,0,1,0,1,0,0,1,0,1,1,1,0,1,1]


# 7 X 7 HARD
board = [
    [12,0,15,0,17,0,19],
    [0,11,0,9,8,0,0],
    [25,27,0,0,0,0,5],
    [0,0,23,22,0,0,2],
    [0,48,0,0,0,1,3],
    [49,0,0,40,38,0,34],
    [45,44,0,0,36,0,0]
]

numbers_in_used = [25,1,1,1,0,1,0,0,1,1,1,1,1,0,0,1,0,1,0,1,0,0,1,1,0,
                    1,0,1,0,0,0,0,0,0,1,0,1,0,1,0,1,0,0,0,1,1,0,0,1,1]


# 9 X 9 EASY
board = [
    [64,0,62,72,71,0,0,0,0],
    [65,63,0,70,73,81,25,20,19],
    [0,0,69,59,74,26,0,18,0],
    [67,55,0,0,58,79,27,16,15],
    [52,53,54,0,76,0,78,0,0],
    [0,51,47,45,29,0,1,13,3],
    [50,48,46,0,44,43,0,6,4],
    [0,33,0,0,39,42,7,0,0],
    [34,36,37,38,41,0,8,9,0]
]

numbers_in_used = [54,1,0,1,1,0,1,1,1,1,
                     0,0,0,1,0,1,1,0,1,
                     1,1,0,0,0,0,1,1,1,
                     0,1,0,0,0,1,1,0,1,
                     1,1,1,0,1,1,1,1,1,
                     1,1,1,0,1,1,1,1,1,
                     1,0,0,1,1,0,0,1,1,
                     1,1,0,1,0,1,1,1,1,
                     1,1,0,1,0,1,1,0,1]


# 9 X 9 MEDIUM
board = [
    [60,59,1,0,6,25,0,18,0],
    [61,58,0,7,4,23,26,16,0],
    [57,62,0,0,0,27,0,20,15],
    [56,54,0,0,28,0,0,11,14],
    [55,0,80,50,30,0,10,0,12],
    [0,0,0,81,0,0,0,0,0],
    [78,0,67,0,0,0,37,33,35],
    [75,72,69,0,48,0,0,0,42],
    [74,0,71,70,0,47,44,40,41]
]

numbers_in_used = [54,1,0,0,1,0,1,1,0,0,
                     1,1,1,0,1,1,1,0,1,
                     0,1,0,0,1,0,1,1,1,
                     1,0,1,0,0,1,0,1,0,
                     1,0,0,1,1,1,0,1,0,
                     0,1,1,0,1,0,0,0,1,
                     1,1,1,1,1,1,1,1,0,
                     0,0,0,1,0,1,1,1,1,
                     0,1,1,0,0,1,0,1,1]